square=id=1 centre=(0.8, 0.0)
axis_tap.2=[393.01505, 1140.6454] tokens=[FORGESHAPE_REVOLVE_AXIS_TAP:2:0, FORGESHAPE_SKETCH_TAP:resolved] state=[1.0, 0.0, 2.0, 0.0, 360.0, 0.0, 0.0, 1.0, 253.2993927001953, 1023.4027709960938, 1.0, 826.5988159179688, 1376.534423828125, 1.0, 540.0, 1296.0262451171875, 540.0, 1095.6971435546875, 0.0, 1.0, 1.0, 1.0, 0.0, 6.0]
capture.02_90_preview=02_90_preview.png frames=6
rev03.drag=from 90.0 to 45.0 pose [0.7573681, 0.70956016, 8.2] -> [0.7573681, 0.70956016, 8.2]
square=id=1 centre=(0.8, 0.0)
axis_tap.3=[540.00006, 1037.6464] tokens=[FORGESHAPE_REVOLVE_AXIS_TAP:3:0, FORGESHAPE_SKETCH_TAP:resolved] state=[1.0, 0.0, 3.0, 0.0, 360.0, 0.0, 68.0, 1.0, 437.6844787597656, 1136.977294921875, 1.0, 629.6234741210938, 1255.2047119140625, 1.0, 539.9999389648438, 1296.0262451171875, 539.9999389648438, 1095.6971435546875, 0.0, 1.0, 1.0, 1.0, 0.0, 28.0]
rev06.pinned_commit_shown=false
axis_tap.2=[399.78284, 1113.6313] tokens=[FORGESHAPE_REVOLVE_AXIS_TAP:2:0, FORGESHAPE_SKETCH_TAP:resolved] state=[1.0, 0.0, 2.0, 0.0, 360.0, 0.0, 0.0, 1.0, 253.2993927001953, 1023.4027709960938, 1.0, 826.5988159179688, 1376.534423828125, 1.0, 540.0, 1296.0262451171875, 540.0, 1095.6971435546875, 0.0, 1.0, 1.0, 1.0, 0.0, 29.0]
square=id=1 centre=(0.8, 0.0)
axis_tap.2=[393.01505, 1140.6454] tokens=[FORGESHAPE_REVOLVE_AXIS_TAP:2:0, FORGESHAPE_SKETCH_TAP:resolved] state=[1.0, 0.0, 2.0, 0.0, 360.0, 0.0, 0.0, 1.0, 253.2993927001953, 1023.4027709960938, 1.0, 826.5988159179688, 1376.534423828125, 1.0, 540.0, 1296.0262451171875, 540.0, 1095.6971435546875, 0.0, 1.0, 1.0, 1.0, 0.0, 39.0]
rev04=[0.0, 0.7990899589780617, 1.0, 68.0, 2.4492935397342132E-17, -0.4000000059604645, -1.2000000476837158, 1.2000000476837158, 0.4000000059604645, 0.0, 40.0] / [0.0, 0.7990899589780617, 1.0, 68.0, 2.4492935397342132E-17, -0.4000000059604645, 0.0, 1.2000000476837158, 0.4000000059604645, 1.2000000476837158, 41.0]
square=id=1 centre=(0.8, 0.0)
capture.03_axis_highlight=03_axis_highlight.png frames=6
axis_tap.2=[393.01505, 1140.6454] tokens=[FORGESHAPE_REVOLVE_AXIS_TAP:2:0, FORGESHAPE_SKETCH_TAP:resolved] state=[1.0, 0.0, 2.0, 0.0, 360.0, 0.0, 0.0, 1.0, 253.2993927001953, 1023.4027709960938, 1.0, 826.5988159179688, 1376.534423828125, 1.0, 540.0, 1296.0262451171875, 540.0, 1095.6971435546875, 0.0, 1.0, 1.0, 1.0, 0.0, 50.0]
rev01.chosen=[1.0, 0.0, 2.0, 0.0, 360.0, 0.0, 0.0, 1.0, 253.2993927001953, 1023.4027709960938, 1.0, 826.5988159179688, 1376.534423828125, 1.0, 540.0, 1296.0262451171875, 540.0, 1095.6971435546875, 0.0, 1.0, 1.0, 1.0, 0.0, 50.0]
rev01.candidate=[0.0, 3.1963598359122467, 1.0, 256.0, -1.2000000476837158, -0.4000000059604645, -1.2000000476837158, 1.2000000476837158, 0.4000000059604645, 1.2000000476837158, 50.0] pappus=3.216990877275949
capture.01_360_preview=01_360_preview.png frames=6
capture.04_angle_label=04_angle_label.png frames=7
rev01.body=[3.1963598359122467, 1.0, 256.0, -1.2000000476837158, -0.4000000059604645, -1.2000000476837158, 1.2000000476837158, 0.4000000059604645, 1.2000000476837158]
rev01.status=Project created — Body #5 is its first body.
capture.05_committed_body=05_committed_body.png frames=6
square=id=1 centre=(0.8, 0.0)
axis_tap.2=[393.01505, 1140.6454] tokens=[FORGESHAPE_REVOLVE_AXIS_TAP:2:0, FORGESHAPE_SKETCH_TAP:resolved] state=[1.0, 0.0, 2.0, 0.0, 360.0, 0.0, 0.0, 1.0, 253.2993927001953, 1023.4027709960938, 1.0, 826.5988159179688, 1376.534423828125, 1.0, 540.0, 1296.0262451171875, 540.0, 1095.6971435546875, 0.0, 1.0, 1.0, 1.0, 0.0, 60.0]
rev08.load=0 bytes=332
feature_row=1. Revolve — 90°
square=id=1 centre=(0.8, 0.0)
axis_tap.2=[393.01505, 1140.6454] tokens=[FORGESHAPE_REVOLVE_AXIS_TAP:2:0, FORGESHAPE_SKETCH_TAP:resolved] state=[1.0, 0.0, 2.0, 0.0, 360.0, 0.0, 0.0, 1.0, 253.2993927001953, 1023.4027709960938, 1.0, 826.5988159179688, 1376.534423828125, 1.0, 540.0, 1296.0262451171875, 540.0, 1095.6971435546875, 0.0, 1.0, 1.0, 1.0, 0.0, 76.0]
feature_row=1. Revolve — 360°
square=id=1 centre=(0.8, 0.0)
square=id=1 centre=(0.8, 0.0)
axis_tap.2=[393.01505, 1140.6454] tokens=[FORGESHAPE_REVOLVE_AXIS_TAP:2:0, FORGESHAPE_SKETCH_TAP:resolved] state=[1.0, 0.0, 2.0, 0.0, 360.0, 0.0, 0.0, 1.0, 253.2993927001953, 1023.4027709960938, 1.0, 826.5988159179688, 1376.534423828125, 1.0, 540.0, 1296.0262451171875, 540.0, 1095.6971435546875, 0.0, 1.0, 1.0, 1.0, 0.0, 102.0]
feature_row=1. Revolve — 90°
capture.06_reopened_revolve=06_reopened_revolve.png frames=6
square=id=1 centre=(0.8, 0.0)
axis_tap.2=[393.01505, 1140.6454] tokens=[FORGESHAPE_REVOLVE_AXIS_TAP:2:0, FORGESHAPE_SKETCH_TAP:resolved] state=[1.0, 0.0, 2.0, 0.0, 360.0, 0.0, 0.0, 1.0, 253.2993927001953, 1023.4027709960938, 1.0, 826.5988159179688, 1376.534423828125, 1.0, 540.0, 1296.0262451171875, 540.0, 1095.6971435546875, 0.0, 1.0, 1.0, 1.0, 0.0, 118.0]
axis_tap.1=[615.59546, 1246.564] tokens=[FORGESHAPE_REVOLVE_AXIS_TAP:1:3, FORGESHAPE_SKETCH_TAP:resolved] state=[1.0, 0.0, 1.0, 3.0, 360.0, 0.0, 0.0, 1.0, 342.3477478027344, 1321.7467041015625, 1.0, 724.9678344726562, 1086.066650390625, 1.0, 540.0, 1103.9737548828125, 539.9999389648438, 1304.3028564453125, 0.0, 1.0, 1.0, 1.0, 0.0, 119.0]
rev05=tube=3.1963598359122467 cylinder=1.5981799179561236 pappus=1.6084954386379744 edge=3
